-1.980873155572962423e+04 -1.958139065614325591e+04 -1.946978122158935003e+04 -1.938597883637131235e+04 -1.931585013321517908e+04 -1.925384878281629062e+04 -1.919711779422111431e+04 -1.914394365988742356e+04 -1.909318761145991084e+04 -1.904403356135541981e+04 -1.899586446763855201e+04 -1.894820277874339445e+04 -1.890069530718827809e+04 -1.885315076000957561e+04 -1.880568070373618684e+04 -1.875911403383476136e+04 -1.871630483541852664e+04 -1.868721964835093968e+04 -1.871924724075666745e+04 -1.982957585970311629e+04
-1.965049902790756096e+04 -1.921088332926647854e+04 -1.904768618792404231e+04 -1.894496464402630227e+04 -1.887159161616773054e+04 -1.881627624255117189e+04 -1.877368961617024615e+04 -1.874102205568090358e+04 -1.871677874244713894e+04 -1.870029295685024408e+04 -1.869154076866300602e+04 -1.869112960531706631e+04 -1.870044478430559684e+04 -1.872202407121836950e+04 -1.876037878605852529e+04 -1.882387730319256298e+04 -1.892966788768520200e+04 -1.911977036426505947e+04 -1.954009167580848589e+04 -2.215892909448885257e+04
-1.961976575768188559e+04 -1.915932042906015704e+04 -1.898539308481698390e+04 -1.888682731407220854e+04 -1.881986155870938455e+04 -1.877219066346821637e+04 -1.873819977500195819e+04 -1.871499815816113551e+04 -1.870111839938580670e+04 -1.869599902639666107e+04 -1.869979680691344765e+04 -1.871339229196937958e+04 -1.873857600693817949e+04 -1.877850089596179896e+04 -1.883865983402054189e+04 -1.892911263207914817e+04 -1.907028120965928611e+04 -1.931067985106471679e+04 -1.976706849018923822e+04 -2.283135414950915583e+04
-1.961494744825668749e+04 -1.915190147535485448e+04 -1.897973931530939444e+04 -1.887805498680849269e+04 -1.881398739167322128e+04 -1.876983932010882563e+04 -1.873985723852019873e+04 -1.872111506767760511e+04 -1.871216579932530294e+04 -1.871250990210590680e+04 -1.872240814277213212e+04 -1.874289850938318705e+04 -1.877600747163386768e+04 -1.882525160990149016e+04 -1.889671522739003558e+04 -1.900150173950568933e+04 -1.916211418710282305e+04 -1.936318161004808280e+04 -1.986532686836147332e+04 -2.317319622699905449e+04
-1.962026077709066521e+04 -1.916162049542679597e+04 -1.898907636953570909e+04 -1.888976875085588836e+04 -1.882404829331863948e+04 -1.877780166107701734e+04 -1.874543034310306393e+04 -1.872407603933598875e+04 -1.871231954705456519e+04 -1.870966748234255647e+04 -1.871637294951230069e+04 -1.873345590639809961e+04 -1.876291589419089723e+04 -1.880823461527939799e+04 -1.887545599197277261e+04 -1.897564709228584979e+04 -1.913131583820058586e+04 -1.938634709326810116e+04 -1.990482476687549570e+04 -2.336458186904551985e+04
-1.963031377070896269e+04 -1.917949984919044073e+04 -1.900995016514196323e+04 -1.891174692371975107e+04 -1.884442191774426465e+04 -1.879619429579265852e+04 -1.876159464887644572e+04 -1.873782091669604415e+04 -1.872347675445265486e+04 -1.871807367058837553e+04 -1.872185846384250908e+04 -1.873583685628787134e+04 -1.876198823845475999e+04 -1.880377074680400256e+04 -1.886720740524072608e+04 -1.896336575611820444e+04 -1.911484042470157510e+04 -1.937700514834721616e+04 -1.991267707710893228e+04 -2.346322502918573446e+04
-1.964278088342296178e+04 -1.920171603758266792e+04 -1.903694327718983186e+04 -1.893795950817170524e+04 -1.886907124444079454e+04 -1.881884551352019844e+04 -1.878195229637055309e+04 -1.875564973907291278e+04 -1.873856430372290924e+04 -1.873020903473942599e+04 -1.873081760045808187e+04 -1.874137025058763902e+04 -1.876380855488656380e+04 -1.880153901812737968e+04 -1.886051726123345725e+04 -1.895172849784661594e+04 -1.909768934400089347e+04 -1.935382672705255754e+04 -1.990036797853925964e+04 -2.349255950711041805e+04
-1.965653766056925087e+04 -1.922655574690638241e+04 -1.906686218197122798e+04 -1.896731172337039607e+04 -1.889695410509489739e+04 -1.884474081386490434e+04 -1.880549731766920377e+04 -1.877654846881961203e+04 -1.875654418157836335e+04 -1.874499503389986421e+04 -1.874211281017730653e+04 -1.874883757901128047e+04 -1.876704974758922253e+04 -1.880006690518122559e+04 -1.885371518436355473e+04 -1.893878625535587344e+04 -1.907749540172845445e+04 -1.932478257361870055e+04 -1.987327244729105951e+04 -2.346460272500599967e+04
-1.967100793842478743e+04 -1.925620347550082442e+04 -1.909915258508323313e+04 -1.899932586593394808e+04 -1.892766569994838574e+04 -1.887354441799956840e+04 -1.883195945253114041e+04 -1.880030927141282154e+04 -1.877726820248175864e+04 -1.876234053963439510e+04 -1.875570745292593347e+04 -1.875825393042569340e+04 -1.877177536888061877e+04 -1.879946213438973791e+04 -1.884694682086518878e+04 -1.892471246702075587e+04 -1.905444137530655280e+04 -1.929002515737778594e+04 -1.982357182302674482e+04 -2.338671472372726566e+04
-1.968589677007277714e+04 -1.928794975512308883e+04 -1.913352476914542785e+04 -1.903377139345016985e+04 -1.896103629957432713e+04 -1.890514718554069259e+04 -1.886128952846526226e+04 -1.882694237095995049e+04 -1.880080562509308584e+04 -1.878237375794198670e+04 -1.877178890573089666e+04 -1.876986642064496846e+04 -1.877829323216932244e+04 -1.880009464871592718e+04 -1.884064631312588608e+04 -1.891000857110152356e+04 -1.902910125863704889e+04 -1.925021291161304180e+04 -1.976092558530121096e+04 -2.326385818496935826e+04
-1.970106847429184563e+04 -1.932108717781503219e+04 -1.916989308581648220e+04 -1.907061535394416205e+04 -1.899708569570771579e+04 -1.893962077741864778e+04 -1.889361011981531919e+04 -1.885662045581460552e+04 -1.882737868207457359e+04 -1.880536614996327990e+04 -1.879067780931108064e+04 -1.878404510708967064e+04 -1.878702337472346699e+04 -1.880243544197864685e+04 -1.883533720489936968e+04 -1.889525339919919861e+04 -1.900211468179852818e+04 -1.920606103873989196e+04 -1.968829105184359287e+04 -2.309947728761197504e+04
-1.971648702342645993e+04 -1.935564775376123725e+04 -1.920835193878983773e+04 -1.911001062360995275e+04 -1.903602162022374250e+04 -1.897722483599276529e+04 -1.892923040730710272e+04 -1.888970031891828330e+04 -1.885739019110793743e+04 -1.883176521996790325e+04 -1.881286518581474957e+04 -1.880132345040493965e+04 -1.879854061474694754e+04 -1.880709949442368088e+04 -1.883167318677514777e+04 -1.888113750981706835e+04 -1.897420700695714913e+04 -1.915832997937673645e+04 -1.960649166347363644e+04 -2.289577432042687724e+04
-1.973218556420304230e+04 -1.939181915986016975e+04 -1.924918023261468625e+04 -1.915231255363594028e+04 -1.907826718726553008e+04 -1.901844421852227970e+04 -1.896869243189751433e+04 -1.892677750040641695e+04 -1.889148603047811048e+04 -1.886226429264633043e+04 -1.883908895857309108e+04 -1.882248092308280320e+04 -1.881366240148604629e+04 -1.881493765397629977e+04 -1.883053211507018204e+04 -1.886855608992696943e+04 -1.894627483772706910e+04 -1.910788921239892079e+04 -1.951631630353275250e+04 -2.265362743588630838e+04
-1.974826583037762612e+04 -1.942996683239163394e+04 -1.929288237934973586e+04 -1.919813550806760759e+04 -1.912453095609229422e+04 -1.906407121696566173e+04 -1.901286444913746527e+04 -1.896878995033576211e+04 -1.893066838793307397e+04 -1.889792465760320556e+04 -1.887046426171684288e+04 -1.884868062433172963e+04 -1.883359261311040609e+04 -1.882718500754849447e+04 -1.883316643627120357e+04 -1.885875711173207674e+04 -1.891952363471584977e+04 -1.905582568889765389e+04 -1.941854174810707627e+04 -2.237225079491933866e+04
-1.976489872701915738e+04 -1.947070132385730540e+04 -1.934028744875432676e+04 -1.924847727870301605e+04 -1.917595304420172761e+04 -1.911537103450212817e+04 -1.906312407335259923e+04 -1.901721750337609410e+04 -1.897651042081549531e+04 -1.894040433898547781e+04 -1.890872519579527216e+04 -1.888172270851402573e+04 -1.886018494662995363e+04 -1.884573177153443248e+04 -1.884147770666743963e+04 -1.885361280933614398e+04 -1.889572331328051951e+04 -1.900365453748611617e+04 -1.931400994603664003e+04 -2.204854539700103123e+04
-1.978234994718963208e+04 -1.951503119488797165e+04 -1.939276425363056114e+04 -1.930498317995007892e+04 -1.923441127634657823e+04 -1.917442557128861154e+04 -1.912173658497046563e+04 -1.907449232515751646e+04 -1.903159687109154038e+04 -1.899242709188985464e+04 -1.895672039057069560e+04 -1.892456442290970881e+04 -1.889648470011194513e+04 -1.887368283634182444e+04 -1.885858750448870342e+04 -1.885619068490637437e+04 -1.887775715394131112e+04 -1.895379454098625865e+04 -1.920386906097677274e+04 -2.167580533220794314e+04
-1.980112358378789941e+04 -1.956472020622315176e+04 -1.945271930672380040e+04 -1.937055513264176989e+04 -1.930322632352163782e+04 -1.924492527664414592e+04 -1.919272710915229982e+04 -1.914494674711670086e+04 -1.910054390603511274e+04 -1.905887114263462718e+04 -1.901956766582941782e+04 -1.898253735644937478e+04 -1.894800422644036007e+04 -1.891668480382199050e+04 -1.889020489937160892e+04 -1.887214076059417857e+04 -1.887098625757431364e+04 -1.891080678317297134e+04 -1.909034711190516828e+04 -2.124080028144687822e+04
-1.982278638762181799e+04 -1.962327197780264760e+04 -1.952496662959961759e+04 -1.945102965398533706e+04 -1.938910871498029519e+04 -1.933436174794548788e+04 -1.928430354108619940e+04 -1.923745614932873286e+04 -1.919285471562149542e+04 -1.914983224529981817e+04 -1.910792034525198687e+04 -1.906681284502841663e+04 -1.902638184455193914e+04 -1.898676886605333493e+04 -1.894863475291306895e+04 -1.891383036824600276e+04 -1.888742189554972720e+04 -1.888537003206591908e+04 -1.897969076343036431e+04 -2.071245823435377315e+04
-1.984975776206480077e+04 -1.969974144756682290e+04 -1.962204699237114983e+04 -1.956171082501926867e+04 -1.950976382988236946e+04 -1.946262358563142334e+04 -1.941839470595062448e+04 -1.937589133614018647e+04 -1.933427227661515644e+04 -1.929287372891282212e+04 -1.925111978182472376e+04 -1.920846832894088584e+04 -1.916437666799478757e+04 -1.911828671034483341e+04 -1.906965347735637624e+04 -1.901811517072199422e+04 -1.896421917115459655e+04 -1.891289719669445185e+04 -1.889829496168071637e+04 -2.000287163917136786e+04
-1.989803363253278440e+04 -1.984936489990524933e+04 -1.982165624793359893e+04 -1.979878398721337726e+04 -1.977802408872431988e+04 -1.975822870083540693e+04 -1.973874075796658872e+04 -1.971908580604985764e+04 -1.969885320849704658e+04 -1.967763221849653200e+04 -1.965496430850885372e+04 -1.963028238506435446e+04 -1.960283253341518503e+04 -1.957153814198113832e+04 -1.953475211835290247e+04 -1.948973627615852456e+04 -1.943141800136816164e+04 -1.934876035964143011e+04 -1.921004638841011547e+04 -1.891583364286785218e+04
