-1.240213960477040528e+05 -9.539104809891847253e+04 -8.814229621513953316e+04 -8.341539066366599582e+04 -7.972089539960298862e+04 -7.651660675857252500e+04 -7.353402998111987836e+04 -7.055971766481059603e+04 -6.738034482166769158e+04 -6.715875594413050567e+04
-1.297201652063411457e+05 -5.557540044598690292e+04 -5.136006993586168392e+04 -4.933225719919258700e+04 -4.812391322137737734e+04 -4.739144666619836062e+04 -4.704138150200793461e+04 -4.715373135348223150e+04 -4.838210991451401787e+04 -9.951367606777916080e+04
-1.564462297528537456e+05 -5.792144411300178035e+04 -5.444583285729242198e+04 -5.288119076354629942e+04 -5.208460785090473655e+04 -5.176400607664871495e+04 -5.186757098719040368e+04 -5.256629914755820937e+04 -5.457738520524743944e+04 -1.350350993784158491e+05
-1.790913041144633025e+05 -7.469927657194971107e+04 -7.137064546154771233e+04 -6.992750054833583999e+04 -6.922570461888227146e+04 -6.902406183767030598e+04 -6.922928216550496290e+04 -7.003019720154935203e+04 -7.179249310974973196e+04 -1.659062978764878062e+05
-2.151796079301252321e+05 -9.818970599688758375e+04 -9.463394653673331777e+04 -9.292609026810100477e+04 -9.203103852732118685e+04 -9.148656428519202746e+04 -9.139153113597047923e+04 -9.159527382239402505e+04 -9.166442783564145793e+04 -2.083446398332232493e+05
-2.112194495374060352e+05 -1.284486822710414999e+05 -1.242858342312807799e+05 -1.220390111989081051e+05 -1.203359438185376639e+05 -1.191338204106365738e+05 -1.180655488470367563e+05 -1.169766223666622391e+05 -1.147424711731282296e+05 -2.046788236687554745e+05
-1.785507262072493031e+05 -1.494764042982237879e+05 -1.479736575177377672e+05 -1.454756758722673985e+05 -1.435168254043044581e+05 -1.425556775035184401e+05 -1.394211716934118012e+05 -1.364886115866383770e+05 -1.318768183509107039e+05 -1.957729067677920684e+05
-1.686421834159872960e+05 -1.526420666209775081e+05 -1.515426670427383506e+05 -1.494879027076312341e+05 -1.484467059692996554e+05 -1.469754397008992673e+05 -1.444150911921846564e+05 -1.409069362860820256e+05 -1.311840417572007864e+05 -1.589797460227434640e+05
-1.565722415071109717e+05 -1.524709931845756073e+05 -1.477135486631038366e+05 -1.439240581865187851e+05 -1.355229200891084620e+05 -1.326033362293895916e+05 -1.254751286691303394e+05 -1.171479542699059093e+05 -1.113441386931391462e+05 -7.759054814732330851e+04
-7.332376753144332906e+04 -6.714436124703526730e+04 -7.239395758326593204e+04 -6.981191585903194209e+04 -7.230568398362073640e+04 -7.545278624485740147e+04 -7.721642504211173218e+04 -7.217167800324283598e+04 -6.956099889512141817e+04 -6.680601352201656846e+04
